935.61
939.06
942.52
945.98
949.43
952.89
956.35
959.81
963.27
966.73
970.19
973.65
977.11
980.58
984.04
987.51
990.97
994.43
997.9
1001.37
1004.83
1008.3
1011.77
1015.24
1018.71
1022.18
1025.65
1029.12
1032.59
1036.06
1039.53
1043.0
1046.48
1049.95
1053.43
1056.9
1060.38
1063.85
1067.33
1070.81
1074.29
1077.76
1081.24
1084.72
1088.2
1091.68
1095.17
1098.65
1102.13
1105.61
1109.1
1112.58
1116.07
1119.55
1123.04
1126.52
1130.01
1133.5
1136.99
1140.47
1143.96
1147.45
1150.94
1154.43
1157.93
1161.42
1164.91
1168.4
1171.9
1175.39
1178.89
1182.38
1185.88
1189.37
1192.87
1196.37
1199.87
1203.37
1206.87
1210.37
1213.87
1217.37
1220.87
1224.37
1227.87
1231.38
1234.88
1238.39
1241.89
1245.4
1248.9
1252.41
1255.92
1259.42
1262.93
1266.44
1269.95
1273.46
1276.97
1280.48
1283.99
1287.51
1291.02
1294.53
1298.05
1301.56
1305.08
1308.59
1312.11
1315.62
1319.14
1322.66
1326.18
1329.7
1333.22
1336.74
1340.26
1343.78
1347.3
1350.82
1354.35
1357.87
1361.39
1364.92
1368.44
1371.97
1375.5
1379.02
1382.55
1386.08
1389.61
1393.14
1396.67
1400.2
1403.73
1407.26
1410.79
1414.32
1417.86
1421.39
1424.92
1428.46
1431.99
1435.53
1439.07
1442.6
1446.14
1449.68
1453.22
1456.76
1460.3
1463.84
1467.38
1470.92
1474.46
1478.01
1481.55
1485.09
1488.64
1492.18
1495.73
1499.27
1502.82
1506.37
1509.91
1513.46
1517.01
1520.56
1524.11
1527.66
1531.21
1534.76
1538.32
1541.87
1545.42
1548.98
1552.53
1556.09
1559.64
1563.2
1566.75
1570.31
1573.87
1577.43
1580.99
1584.55
1588.11
1591.67
1595.23
1598.79
1602.35
1605.92
1609.48
1613.04
1616.61
1620.17
1623.74
1627.31
1630.87
1634.44
1638.01
1641.58
1645.15
1648.71
1652.29
1655.86
1659.43
1663.0
1666.57
1670.14
1673.72
1677.29
1680.87
1684.44
1688.02
1691.59
1695.17
1698.75
1702.33
1705.91
1709.49
1713.07
1716.65
1720.23
